1.102331466674804688e+02 8.201859283447265625e+01 6.629558563232421875e+01
1.082637100219726562e+02 1.003120117187500000e+02 6.284516525268554688e+01
1.113229522705078125e+02 1.169462661743164062e+02 5.899391937255859375e+01
1.130178222656250000e+02 1.310096893310546875e+02 5.716256713867187500e+01
1.114790267944335938e+02 1.481267089843750000e+02 5.737471008300781250e+01
1.107448806762695312e+02 1.630026397705078125e+02 6.720612335205078125e+01
1.097357559204101562e+02 1.716213073730468750e+02 8.374462127685546875e+01
1.158958129882812500e+02 1.821480407714843750e+02 1.026567611694335938e+02
1.292694396972656250e+02 1.910577697753906250e+02 1.093487548828125000e+02
1.410568695068359375e+02 1.892713317871093750e+02 1.111473617553710938e+02
1.587001495361328125e+02 1.836095275878906250e+02 1.040965118408203125e+02
1.740484161376953125e+02 1.749574127197265625e+02 9.070368194580078125e+01
1.844768676757812500e+02 1.651618499755859375e+02 8.163156127929687500e+01
1.879586181640625000e+02 1.516670837402343750e+02 7.673269653320312500e+01
1.918504486083984375e+02 1.399059143066406250e+02 7.711402893066406250e+01
1.970003662109375000e+02 1.250822219848632812e+02 7.819837188720703125e+01
2.002447967529296875e+02 1.105896911621093750e+02 7.825096893310546875e+01
1.044292984008789062e+02 6.726746368408203125e+01 1.158737640380859375e+02
1.071346817016601562e+02 6.533687591552734375e+01 1.268598175048828125e+02
1.143219604492187500e+02 6.864128112792968750e+01 1.351037445068359375e+02
1.203557357788085938e+02 7.440701293945312500e+01 1.387778320312500000e+02
1.251761093139648438e+02 7.924012756347656250e+01 1.401705627441406250e+02
1.555621032714843750e+02 9.163456726074218750e+01 1.434305267333984375e+02
1.633862609863281250e+02 9.264215850830078125e+01 1.422484130859375000e+02
1.713447113037109375e+02 9.380469512939453125e+01 1.404568634033203125e+02
1.792092590332031250e+02 9.784716796875000000e+01 1.355868835449218750e+02
1.855794372558593750e+02 1.036244049072265625e+02 1.265379638671875000e+02
1.384490051269531250e+02 1.016491394042968750e+02 1.397598571777343750e+02
1.340762786865234375e+02 1.100764236450195312e+02 1.415095825195312500e+02
1.313144073486328125e+02 1.198945083618164062e+02 1.460345153808593750e+02
1.297613220214843750e+02 1.278570709228515625e+02 1.461835174560546875e+02
1.228598175048828125e+02 1.318710327148437500e+02 1.313146362304687500e+02
1.264101104736328125e+02 1.351404571533203125e+02 1.346353149414062500e+02
1.311237640380859375e+02 1.382570343017578125e+02 1.364393463134765625e+02
1.364626464843750000e+02 1.378418884277343750e+02 1.358892974853515625e+02
1.413009185791015625e+02 1.363928070068359375e+02 1.339063873291015625e+02
1.080668029785156250e+02 8.744094848632812500e+01 1.176431274414062500e+02
1.124812011718750000e+02 8.592178344726562500e+01 1.258531951904296875e+02
1.181696166992187500e+02 8.890065765380859375e+01 1.274580688476562500e+02
1.236334991455078125e+02 9.477949523925781250e+01 1.247881927490234375e+02
1.172162475585937500e+02 9.462147521972656250e+01 1.243607559204101562e+02
1.120667419433593750e+02 9.221559906005859375e+01 1.215524063110351562e+02
1.544132232666015625e+02 1.063648681640625000e+02 1.293367309570312500e+02
1.617435913085937500e+02 1.061715850830078125e+02 1.319848937988281250e+02
1.676815643310546875e+02 1.076531143188476562e+02 1.328555755615234375e+02
1.713345489501953125e+02 1.098529586791992188e+02 1.277785110473632812e+02
1.664966888427734375e+02 1.119771499633789062e+02 1.302062377929687500e+02
1.600383911132812500e+02 1.101432571411132812e+02 1.303226623535156250e+02
1.161112747192382812e+02 1.496424560546875000e+02 1.179919128417968750e+02
1.201354293823242188e+02 1.469582366943359375e+02 1.285390625000000000e+02
1.261854705810546875e+02 1.476419067382812500e+02 1.345819396972656250e+02
1.299618682861328125e+02 1.497723541259765625e+02 1.355081024169921875e+02
1.335632171630859375e+02 1.493982543945312500e+02 1.362666015625000000e+02
1.440685424804687500e+02 1.534689025878906250e+02 1.338540191650390625e+02
1.496104736328125000e+02 1.589170989990234375e+02 1.268136749267578125e+02
1.400457000732421875e+02 1.642496337890625000e+02 1.301298370361328125e+02
1.334766998291015625e+02 1.659670715332031250e+02 1.309930419921875000e+02
1.282244262695312500e+02 1.654857330322265625e+02 1.303103027343750000e+02
1.226374816894531250e+02 1.633607025146484375e+02 1.281198730468750000e+02
1.197774124145507812e+02 1.581601104736328125e+02 1.249088058471679688e+02
1.178358154296875000e+02 1.494216918945312500e+02 1.194001617431640625e+02
1.257179260253906250e+02 1.521732025146484375e+02 1.303858337402343750e+02
1.304178466796875000e+02 1.532171325683593750e+02 1.335343627929687500e+02
1.361625213623046875e+02 1.547975311279296875e+02 1.330793304443359375e+02
1.486008605957031250e+02 1.588370971679687500e+02 1.269087219238281250e+02
1.348575897216796875e+02 1.587934265136718750e+02 1.320905456542968750e+02
1.300539855957031250e+02 1.579374694824218750e+02 1.314620819091796875e+02
1.248181915283203125e+02 1.561551971435546875e+02 1.287743072509765625e+02
