7.232277679443359375e+01 1.069284591674804688e+02 6.378894042968750000e+01
7.515282440185546875e+01 1.221644515991210938e+02 6.200521469116210938e+01
8.045562744140625000e+01 1.372930755615234375e+02 5.897188186645507812e+01
8.303007507324218750e+01 1.500198822021484375e+02 5.771626663208007812e+01
8.231742858886718750e+01 1.643181152343750000e+02 5.972859954833984375e+01
8.574704742431640625e+01 1.770620880126953125e+02 6.936167144775390625e+01
9.321560668945312500e+01 1.899172821044921875e+02 8.458547210693359375e+01
1.076766052246093750e+02 1.994110260009765625e+02 9.940688323974609375e+01
1.260236740112304688e+02 2.049201202392578125e+02 1.031851119995117188e+02
1.423766937255859375e+02 2.006410675048828125e+02 9.866986083984375000e+01
1.563171997070312500e+02 1.931859436035156250e+02 8.037078094482421875e+01
1.672437286376953125e+02 1.841752471923828125e+02 6.206569671630859375e+01
1.732441558837890625e+02 1.702260742187500000e+02 4.903428649902343750e+01
1.744311828613281250e+02 1.533822479248046875e+02 4.028653335571289062e+01
1.740415649414062500e+02 1.370511474609375000e+02 3.889329147338867188e+01
1.755772705078125000e+02 1.219629516601562500e+02 3.786652374267578125e+01
1.736380615234375000e+02 1.067192840576171875e+02 3.885091781616210938e+01
8.222582244873046875e+01 8.992385101318359375e+01 1.124440002441406250e+02
8.922943115234375000e+01 8.546856689453125000e+01 1.212896347045898438e+02
9.902638244628906250e+01 8.523942565917968750e+01 1.282215881347656250e+02
1.076501159667968750e+02 8.818876647949218750e+01 1.312402343750000000e+02
1.144637985229492188e+02 9.123052978515625000e+01 1.314353942871093750e+02
1.482223510742187500e+02 9.329450225830078125e+01 1.238308715820312500e+02
1.558395690917968750e+02 9.126441955566406250e+01 1.199761428833007812e+02
1.634593200683593750e+02 8.923383331298828125e+01 1.141454849243164062e+02
1.705288848876953125e+02 9.089964294433593750e+01 1.033837966918945312e+02
1.753011169433593750e+02 9.621784210205078125e+01 9.118433380126953125e+01
1.320281677246093750e+02 1.084347839355468750e+02 1.297106628417968750e+02
1.346762390136718750e+02 1.174558105468750000e+02 1.340089416503906250e+02
1.380644989013671875e+02 1.261424331665039062e+02 1.386540374755859375e+02
1.395394439697265625e+02 1.351679687500000000e+02 1.399456176757812500e+02
1.235758819580078125e+02 1.412703399658203125e+02 1.258364028930664062e+02
1.285309753417968750e+02 1.436566772460937500e+02 1.282436065673828125e+02
1.347996978759765625e+02 1.444812316894531250e+02 1.289472961425781250e+02
1.402162475585937500e+02 1.437274932861328125e+02 1.268408813476562500e+02
1.445436859130859375e+02 1.422481384277343750e+02 1.235331039428710938e+02
9.279479980468750000e+01 1.022651214599609375e+02 1.170483703613281250e+02
9.802677917480468750e+01 1.008821105957031250e+02 1.232222900390625000e+02
1.056797103881835938e+02 1.019124069213867188e+02 1.242301177978515625e+02
1.120722732543945312e+02 1.063042984008789062e+02 1.211583709716796875e+02
1.063809280395507812e+02 1.072965393066406250e+02 1.225875015258789062e+02
9.868917846679687500e+01 1.059668426513671875e+02 1.207595672607421875e+02
1.477348632812500000e+02 1.108676910400390625e+02 1.153435516357421875e+02
1.549301300048828125e+02 1.078124160766601562e+02 1.142157440185546875e+02
1.612253417968750000e+02 1.067456665039062500e+02 1.111461868286132812e+02
1.652159729003906250e+02 1.088892593383789062e+02 1.045279159545898438e+02
1.605080413818359375e+02 1.124877777099609375e+02 1.101156463623046875e+02
1.545173339843750000e+02 1.132463912963867188e+02 1.138411636352539062e+02
1.064866333007812500e+02 1.583876037597656250e+02 1.136286849975585938e+02
1.169887847900390625e+02 1.550863189697265625e+02 1.234213867187500000e+02
1.282998962402343750e+02 1.534228363037109375e+02 1.286993103027343750e+02
1.341073303222656250e+02 1.543847656250000000e+02 1.280256042480468750e+02
1.386916351318359375e+02 1.536819000244140625e+02 1.266481628417968750e+02
1.490994262695312500e+02 1.565798797607421875e+02 1.183627166748046875e+02
1.526768798828125000e+02 1.604617309570312500e+02 1.063900985717773438e+02
1.450474853515625000e+02 1.686491546630859375e+02 1.148762664794921875e+02
1.380528717041015625e+02 1.719261627197265625e+02 1.196421127319335938e+02
1.313456115722656250e+02 1.724146881103515625e+02 1.213397750854492188e+02
1.226174087524414062e+02 1.715428161621093750e+02 1.213853988647460938e+02
1.155139465332031250e+02 1.669673004150390625e+02 1.192493743896484375e+02
1.084000320434570312e+02 1.580273132324218750e+02 1.139689712524414062e+02
1.252379684448242188e+02 1.585254364013671875e+02 1.236889266967773438e+02
1.336696777343750000e+02 1.581957702636718750e+02 1.250090255737304688e+02
1.407123565673828125e+02 1.589403686523437500e+02 1.204428253173828125e+02
1.518797302246093750e+02 1.608823699951171875e+02 1.067589797973632812e+02
1.386277160644531250e+02 1.641036529541015625e+02 1.194415283203125000e+02
1.320932464599609375e+02 1.645038452148437500e+02 1.217027511596679688e+02
1.239413299560546875e+02 1.636481781005859375e+02 1.211098022460937500e+02
