6.935531616210937500e+01 1.245866241455078125e+02 5.484325790405273438e+01
7.975144195556640625e+01 1.388953094482421875e+02 5.469614028930664062e+01
9.119107818603515625e+01 1.496038360595703125e+02 5.284616088867187500e+01
1.014770431518554688e+02 1.601394500732421875e+02 5.332894897460937500e+01
1.123938980102539062e+02 1.742487945556640625e+02 5.704562377929687500e+01
1.218934402465820312e+02 1.858155364990234375e+02 6.856283569335937500e+01
1.326345977783203125e+02 1.952171783447265625e+02 8.142692565917968750e+01
1.453415527343750000e+02 2.028822784423828125e+02 9.589532470703125000e+01
1.644698028564453125e+02 2.024613647460937500e+02 1.025942306518554688e+02
1.778847961425781250e+02 1.914871063232421875e+02 1.033217544555664062e+02
1.909259490966796875e+02 1.776485900878906250e+02 9.019044494628906250e+01
2.001566925048828125e+02 1.625619049072265625e+02 7.273554229736328125e+01
2.046170959472656250e+02 1.473334808349609375e+02 6.067774200439453125e+01
2.048336944580078125e+02 1.308693237304687500e+02 5.349549102783203125e+01
2.009893341064453125e+02 1.149102859497070312e+02 5.387881088256835938e+01
1.970361938476562500e+02 9.930704498291015625e+01 5.624479675292968750e+01
1.930172119140625000e+02 8.383554077148437500e+01 5.641328048706054688e+01
7.412538146972656250e+01 1.135120468139648438e+02 1.154057540893554688e+02
7.863304138183593750e+01 1.071523513793945312e+02 1.276585693359375000e+02
8.792807769775390625e+01 1.021450729370117188e+02 1.364579315185546875e+02
9.706768035888671875e+01 1.009934005737304688e+02 1.404290618896484375e+02
1.047982940673828125e+02 1.015211715698242188e+02 1.427671203613281250e+02
1.401555480957031250e+02 9.151795959472656250e+01 1.445747680664062500e+02
1.479972686767578125e+02 8.822771453857421875e+01 1.437296905517578125e+02
1.568825683593750000e+02 8.280663299560546875e+01 1.399237976074218750e+02
1.677680816650390625e+02 8.098806762695312500e+01 1.327640686035156250e+02
1.760204315185546875e+02 8.215525054931640625e+01 1.216816101074218750e+02
1.253476638793945312e+02 1.145114288330078125e+02 1.446889190673828125e+02
1.277549667358398438e+02 1.258365249633789062e+02 1.489178619384765625e+02
1.305250396728515625e+02 1.386938018798828125e+02 1.538106689453125000e+02
1.327543487548828125e+02 1.474110412597656250e+02 1.545941467285156250e+02
1.247687911987304688e+02 1.541113891601562500e+02 1.340031280517578125e+02
1.295402374267578125e+02 1.552471618652343750e+02 1.377513122558593750e+02
1.361954498291015625e+02 1.546583251953125000e+02 1.405985870361328125e+02
1.413864288330078125e+02 1.507918853759765625e+02 1.385932159423828125e+02
1.457526092529296875e+02 1.468278961181640625e+02 1.352736968994140625e+02
8.901961517333984375e+01 1.234956054687500000e+02 1.198572921752929688e+02
9.226113128662109375e+01 1.180428619384765625e+02 1.277194900512695312e+02
1.017794723510742188e+02 1.162642364501953125e+02 1.290218353271484375e+02
1.097528762817382812e+02 1.188034362792968750e+02 1.282916564941406250e+02
1.043063964843750000e+02 1.224247665405273438e+02 1.268792953491210938e+02
9.591213226318359375e+01 1.246233291625976562e+02 1.237694854736328125e+02
1.447543029785156250e+02 1.083266220092773438e+02 1.319736480712890625e+02
1.523656616210937500e+02 1.019165115356445312e+02 1.344987030029296875e+02
1.600038299560546875e+02 9.860652160644531250e+01 1.334835205078125000e+02
1.669555053710937500e+02 1.001585540771484375e+02 1.261520080566406250e+02
1.604511566162109375e+02 1.051203384399414062e+02 1.311437072753906250e+02
1.518778076171875000e+02 1.082822723388671875e+02 1.331710205078125000e+02
1.219948501586914062e+02 1.736302490234375000e+02 1.155594787597656250e+02
1.250895919799804688e+02 1.694225921630859375e+02 1.287362365722656250e+02
1.336336059570312500e+02 1.655788879394531250e+02 1.367672271728515625e+02
1.403664550781250000e+02 1.647913818359375000e+02 1.380916900634765625e+02
1.440283966064453125e+02 1.621544036865234375e+02 1.369609375000000000e+02
1.566930389404296875e+02 1.586709747314453125e+02 1.312220458984375000e+02
1.663909149169921875e+02 1.589589538574218750e+02 1.185741424560546875e+02
1.605799713134765625e+02 1.715279998779296875e+02 1.238277053833007812e+02
1.544785156250000000e+02 1.787046966552734375e+02 1.259593200683593750e+02
1.483199920654296875e+02 1.813047790527343750e+02 1.258222198486328125e+02
1.399469299316406250e+02 1.828747711181640625e+02 1.247215881347656250e+02
1.320488891601562500e+02 1.798262023925781250e+02 1.216823806762695312e+02
1.234883651733398438e+02 1.729573059082031250e+02 1.167063369750976562e+02
1.341537475585937500e+02 1.705284576416015625e+02 1.299047393798828125e+02
1.420253448486328125e+02 1.680694122314453125e+02 1.338288574218750000e+02
1.482746582031250000e+02 1.652989349365234375e+02 1.306174774169921875e+02
1.653692626953125000e+02 1.598946533203125000e+02 1.186762084960937500e+02
1.506567535400390625e+02 1.717034912109375000e+02 1.273881683349609375e+02
1.448495788574218750e+02 1.740862884521484375e+02 1.284840698242187500e+02
1.376176147460937500e+02 1.753133544921875000e+02 1.260289535522460938e+02
