4.118693542480468750e+01 6.354823303222656250e+01 5.214580917358398438e+01
4.363252258300781250e+01 8.574052429199218750e+01 5.404872894287109375e+01
4.767848205566406250e+01 1.074660263061523438e+02 5.529839324951171875e+01
5.116781616210937500e+01 1.299966583251953125e+02 5.845112609863281250e+01
5.419587326049804688e+01 1.523925323486328125e+02 6.866718292236328125e+01
6.233494949340820312e+01 1.715307769775390625e+02 8.517807769775390625e+01
7.514623260498046875e+01 1.856652526855468750e+02 1.033241806030273438e+02
9.321356201171875000e+01 1.993575897216796875e+02 1.250679397583007812e+02
1.163587112426757812e+02 2.070717468261718750e+02 1.329586334228515625e+02
1.398994598388671875e+02 2.005763092041015625e+02 1.277193069458007812e+02
1.592653503417968750e+02 1.887465209960937500e+02 1.084648056030273438e+02
1.753460083007812500e+02 1.760046539306640625e+02 8.718688201904296875e+01
1.858647308349609375e+02 1.510165100097656250e+02 6.909452056884765625e+01
1.968599548339843750e+02 1.241639251708984375e+02 5.795158004760742188e+01
2.009844207763671875e+02 1.026962966918945312e+02 5.535285186767578125e+01
2.039319305419921875e+02 7.936822509765625000e+01 5.442929077148437500e+01
2.056598815917968750e+02 5.577100372314453125e+01 5.476604461669921875e+01
5.626063537597656250e+01 4.321205139160156250e+01 1.283017272949218750e+02
6.609386444091796875e+01 3.735390090942382812e+01 1.415854339599609375e+02
7.965900421142578125e+01 3.477415847778320312e+01 1.500905303955078125e+02
9.008993530273437500e+01 3.694108200073242188e+01 1.551836853027343750e+02
9.811035919189453125e+01 4.013734436035156250e+01 1.568772735595703125e+02
1.349797973632812500e+02 3.926352691650390625e+01 1.596422729492187500e+02
1.435680694580078125e+02 3.579181289672851562e+01 1.582886962890625000e+02
1.544424591064453125e+02 3.328312301635742188e+01 1.530375213623046875e+02
1.669248199462890625e+02 3.557707977294921875e+01 1.459081115722656250e+02
1.779270019531250000e+02 4.071545410156250000e+01 1.320294799804687500e+02
1.160444412231445312e+02 6.234495925903320312e+01 1.587856750488281250e+02
1.169037322998046875e+02 7.683522796630859375e+01 1.678153076171875000e+02
1.170984725952148438e+02 9.164067840576171875e+01 1.757140350341796875e+02
1.167249679565429688e+02 1.039694442749023438e+02 1.780698089599609375e+02
1.033604583740234375e+02 1.147910232543945312e+02 1.550269165039062500e+02
1.083330001831054688e+02 1.156333160400390625e+02 1.597844238281250000e+02
1.147808532714843750e+02 1.168971633911132812e+02 1.622606811523437500e+02
1.198259811401367188e+02 1.153833084106445312e+02 1.600995941162109375e+02
1.252781600952148438e+02 1.142096557617187500e+02 1.559361419677734375e+02
7.124461364746093750e+01 6.160550308227539062e+01 1.327527770996093750e+02
7.885339355468750000e+01 5.685669326782226562e+01 1.407794342041015625e+02
8.882976531982421875e+01 5.722140502929687500e+01 1.417843322753906250e+02
9.740877532958984375e+01 6.233784866333007812e+01 1.390855102539062500e+02
8.952406311035156250e+01 6.491084289550781250e+01 1.409647674560546875e+02
7.941944885253906250e+01 6.499584960937500000e+01 1.383104248046875000e+02
1.367153472900390625e+02 6.264160919189453125e+01 1.420944061279296875e+02
1.448262329101562500e+02 5.756544494628906250e+01 1.463473052978515625e+02
1.551883392333984375e+02 5.655100250244140625e+01 1.454037475585937500e+02
1.632746582031250000e+02 6.088469314575195312e+01 1.376845550537109375e+02
1.548693847656250000e+02 6.471527862548828125e+01 1.435263519287109375e+02
1.437241668701171875e+02 6.564588928222656250e+01 1.453700408935546875e+02
8.796078491210937500e+01 1.461788482666015625e+02 1.378218383789062500e+02
9.782228088378906250e+01 1.382475738525390625e+02 1.517272796630859375e+02
1.094811706542968750e+02 1.332217102050781250e+02 1.599386444091796875e+02
1.152605514526367188e+02 1.345257263183593750e+02 1.607836151123046875e+02
1.194890441894531250e+02 1.328046264648437500e+02 1.608218536376953125e+02
1.306674041748046875e+02 1.379629364013671875e+02 1.537540740966796875e+02
1.416685028076171875e+02 1.465961914062500000e+02 1.404397125244140625e+02
1.326923828125000000e+02 1.552387542724609375e+02 1.494029541015625000e+02
1.246057281494140625e+02 1.586118621826171875e+02 1.542649383544921875e+02
1.168296432495117188e+02 1.588215637207031250e+02 1.557200164794921875e+02
1.068680191040039062e+02 1.583499450683593750e+02 1.541650085449218750e+02
9.943677520751953125e+01 1.542161254882812500e+02 1.494210052490234375e+02
9.060228729248046875e+01 1.453014831542968750e+02 1.385918579101562500e+02
1.076027297973632812e+02 1.417278594970703125e+02 1.536360168457031250e+02
1.157355880737304688e+02 1.407726898193359375e+02 1.568785400390625000e+02
1.223841705322265625e+02 1.418026580810546875e+02 1.543791046142578125e+02
1.403418579101562500e+02 1.467987976074218750e+02 1.408610992431640625e+02
1.229054641723632812e+02 1.481748809814453125e+02 1.532070770263671875e+02
1.160583953857421875e+02 1.482207183837890625e+02 1.543057098388671875e+02
1.075496520996093750e+02 1.477886810302734375e+02 1.531308135986328125e+02
