1.121018218994140625e+02 6.204546356201171875e+01 4.976043701171875000e+01
1.032188491821289062e+02 8.061921691894531250e+01 4.418554306030273438e+01
9.476964569091796875e+01 9.749863433837890625e+01 4.139071273803710938e+01
8.647006225585937500e+01 1.135286712646484375e+02 4.022261047363281250e+01
7.715087890625000000e+01 1.295864257812500000e+02 4.252023696899414062e+01
7.007236480712890625e+01 1.455189208984375000e+02 5.303030776977539062e+01
6.782151794433593750e+01 1.614037628173828125e+02 6.920629119873046875e+01
6.703942871093750000e+01 1.831053161621093750e+02 8.743897247314453125e+01
7.738252258300781250e+01 2.053000793457031250e+02 1.030277938842773438e+02
9.785236358642578125e+01 2.118656616210937500e+02 1.066167221069335938e+02
1.235092391967773438e+02 2.137966766357421875e+02 1.021110153198242188e+02
1.458747711181640625e+02 2.085122680664062500e+02 9.372323608398437500e+01
1.660771636962890625e+02 1.988038024902343750e+02 8.893428039550781250e+01
1.801620635986328125e+02 1.831528320312500000e+02 8.990924072265625000e+01
1.897586212158203125e+02 1.671022644042968750e+02 9.376579284667968750e+01
2.006786804199218750e+02 1.509800567626953125e+02 9.817810058593750000e+01
2.094690399169921875e+02 1.347855529785156250e+02 1.033031082153320312e+02
9.414482116699218750e+01 5.324872970581054688e+01 1.100439071655273438e+02
9.458436584472656250e+01 5.160865020751953125e+01 1.241700973510742188e+02
9.866412353515625000e+01 5.490268707275390625e+01 1.372670593261718750e+02
1.024457092285156250e+02 6.154882812500000000e+01 1.444138488769531250e+02
1.055496368408203125e+02 6.823376464843750000e+01 1.482238159179687500e+02
1.302874298095703125e+02 8.754305267333984375e+01 1.666591186523437500e+02
1.383517303466796875e+02 8.954830169677734375e+01 1.696777648925781250e+02
1.484493560791015625e+02 9.306334686279296875e+01 1.720729522705078125e+02
1.602938995361328125e+02 1.013936538696289062e+02 1.700458526611328125e+02
1.714984741210937500e+02 1.122167510986328125e+02 1.618991699218750000e+02
1.087653503417968750e+02 1.029998855590820312e+02 1.547453460693359375e+02
9.947205352783203125e+01 1.150348205566406250e+02 1.581296997070312500e+02
8.964114379882812500e+01 1.248150024414062500e+02 1.593737335205078125e+02
8.492185211181640625e+01 1.334109497070312500e+02 1.584916381835937500e+02
8.669229888916015625e+01 1.315455017089843750e+02 1.323223419189453125e+02
8.782477569580078125e+01 1.363976745605468750e+02 1.373420715332031250e+02
9.176575469970703125e+01 1.418838500976562500e+02 1.409436187744140625e+02
9.762579345703125000e+01 1.441457366943359375e+02 1.427153930664062500e+02
1.042218170166015625e+02 1.455378570556640625e+02 1.419809722900390625e+02
9.190520477294921875e+01 7.518113708496093750e+01 1.191121749877929688e+02
9.376635742187500000e+01 7.551885986328125000e+01 1.286743469238281250e+02
9.985110473632812500e+01 8.052742767333984375e+01 1.340460205078125000e+02
1.054680633544921875e+02 8.977426910400390625e+01 1.343373413085937500e+02
9.875123596191406250e+01 8.763785552978515625e+01 1.319303894042968750e+02
9.257991027832031250e+01 8.205211639404296875e+01 1.257687072753906250e+02
1.295058593750000000e+02 1.103382949829101562e+02 1.510384368896484375e+02
1.354519958496093750e+02 1.097546997070312500e+02 1.579285736083984375e+02
1.427481689453125000e+02 1.132434768676757812e+02 1.620380401611328125e+02
1.489389190673828125e+02 1.211042861938476562e+02 1.575910491943359375e+02
1.405148315429687500e+02 1.205443954467773438e+02 1.588115234375000000e+02
1.327395782470703125e+02 1.167399520874023438e+02 1.562306976318359375e+02
7.365139770507812500e+01 1.368417053222656250e+02 1.011939239501953125e+02
7.563697814941406250e+01 1.408571014404296875e+02 1.191843490600585938e+02
8.264603424072265625e+01 1.463522949218750000e+02 1.334069671630859375e+02
8.773201751708984375e+01 1.517972412109375000e+02 1.364312438964843750e+02
9.216296386718750000e+01 1.540343017578125000e+02 1.384564361572265625e+02
1.042562942504882812e+02 1.627003021240234375e+02 1.381363372802734375e+02
1.172305755615234375e+02 1.707929534912109375e+02 1.294695587158203125e+02
9.961602020263671875e+01 1.738848876953125000e+02 1.307055511474609375e+02
8.872659301757812500e+01 1.736214141845703125e+02 1.298601531982421875e+02
8.115974426269531250e+01 1.701799926757812500e+02 1.267037734985351562e+02
7.425583648681640625e+01 1.632532043457031250e+02 1.205094909667968750e+02
7.250514984130859375e+01 1.529536285400390625e+02 1.127475433349609375e+02
7.556227111816406250e+01 1.382914276123046875e+02 1.028166275024414062e+02
8.092100524902343750e+01 1.496191711425781250e+02 1.253577728271484375e+02
8.750690460205078125e+01 1.554178619384765625e+02 1.327349395751953125e+02
9.489251708984375000e+01 1.603505859375000000e+02 1.343259887695312500e+02
1.161632843017578125e+02 1.706274108886718750e+02 1.289724578857421875e+02
9.191453552246093750e+01 1.650147247314453125e+02 1.313064575195312500e+02
8.559157562255859375e+01 1.613693695068359375e+02 1.286943054199218750e+02
7.856227874755859375e+01 1.552589416503906250e+02 1.222915115356445312e+02
