2.403303344726562614e+02 2.577191125488280932e+02 1.736915435791015625e+02
2.399262467926623970e+02 2.576253835521024484e+02 1.732733001708984375e+02
2.397329698749617251e+02 2.577877353922526140e+02 1.735994262695312500e+02
2.396124102424172975e+02 2.577561937399471503e+02 1.734871673583984375e+02
2.399910642137714660e+02 2.576536303830614543e+02 1.733965606689453125e+02
2.402227036420036939e+02 2.577669452622357085e+02 1.736355438232421875e+02
2.403360763250612990e+02 2.577349700808057378e+02 1.736884155273437500e+02
2.396571697160309782e+02 2.576959428256166120e+02 1.734658050537109375e+02
2.396190769569546717e+02 2.577532842778224449e+02 1.734834136962890625e+02
2.399198498295803006e+02 2.578127355717678029e+02 1.734352416992187500e+02
2.399969409419041426e+02 2.576248633171530287e+02 1.732904815673828125e+02
2.398018142999387408e+02 2.577334671798406589e+02 1.733552398681640625e+02
2.396061288871017325e+02 2.576301716404335025e+02 1.735442810058593750e+02
2.400041471593520441e+02 2.577474942555147095e+02 1.735247497558593750e+02
2.399844938390395441e+02 2.579252604645373594e+02 1.735803527832031250e+02
2.402291776769301634e+02 2.577147194536994448e+02 1.737415771484375000e+02
2.399827019186581083e+02 2.576320695346009870e+02 1.732930755615234375e+02
2.397304843079810155e+02 2.577670223340801385e+02 1.735994720458984375e+02
2.402231660730698763e+02 2.577776293466605466e+02 1.736302185058593750e+02
2.399917771283318189e+02 2.576546901209213729e+02 1.733961181640625000e+02
2.402993901271446191e+02 2.577396329273897209e+02 1.736772460937500000e+02
2.399246090159696791e+02 2.576141985006893265e+02 1.732707519531250000e+02
2.402262682148054864e+02 2.577097772216797011e+02 1.737344970703125000e+02
2.398467279172411395e+02 2.576619059723498708e+02 1.733822631835937500e+02
2.396054545084635663e+02 2.576316649074180418e+02 1.735434112548828125e+02
2.398025079465380145e+02 2.577295750517003512e+02 1.733475799560546875e+02
2.399967289943321305e+02 2.579281217567593103e+02 1.735873260498046875e+02
2.396567650888480614e+02 2.576955574663947459e+02 1.734656677246093750e+02
2.396188264734605013e+02 2.577526966050091914e+02 1.734828796386718750e+02
2.397995984844133091e+02 2.577299122410194627e+02 1.733538818359375000e+02
2.399832799574908222e+02 2.576318479530484069e+02 1.732928161621093750e+02
2.399917963962929264e+02 2.576533895335477951e+02 1.733954467773437500e+02
2.397304457720588573e+02 2.577669837981579235e+02 1.735994567871093750e+02
2.396581523820465804e+02 2.576951624731923971e+02 1.734665832519531250e+02
2.399967289943321305e+02 2.579280832208371521e+02 1.735872344970703125e+02
2.396054737764246454e+02 2.576319442928538592e+02 1.735445098876953125e+02
2.396032001570159480e+02 2.576479077986174957e+02 1.735280456542968750e+02
2.398451864803538740e+02 2.576629753441903858e+02 1.733811798095703125e+02
2.400035498525582227e+02 2.577464537856158131e+02 1.735251922607421875e+02
2.397236249138327366e+02 2.577707988544539148e+02 1.736021881103515625e+02
2.399953802370557696e+02 2.576403162219477281e+02 1.732887878417968750e+02
2.400039352117800604e+02 2.577473112098843444e+02 1.735239410400390625e+02
2.399938580681296116e+02 2.579252411965762803e+02 1.735850982666015625e+02
2.396122946346507661e+02 2.577553555836396981e+02 1.734860229492187500e+02
2.403199683095894841e+02 2.577571860399433490e+02 1.736778717041015625e+02
2.399954573089001428e+02 2.576386206413717446e+02 1.733900451660156250e+02
2.396121790268842062e+02 2.577556446030560551e+02 1.734871215820312500e+02
2.403374828862209256e+02 2.577279276410271223e+02 1.736949005126953125e+02
2.398018142999387408e+02 2.577334190099379612e+02 1.733554229736328125e+02
2.396510810403263179e+02 2.577018099197687206e+02 1.734473876953125000e+02
2.396556282791437127e+02 2.577091799148859081e+02 1.734546356201171875e+02
2.399832799574908222e+02 2.576318479530484069e+02 1.732928161621093750e+02
2.399218344295726411e+02 2.578155005241842446e+02 1.734460144042968750e+02
2.399187322878370310e+02 2.578120033892463425e+02 1.734372711181640625e+02
2.399127784878600096e+02 2.576161927346622633e+02 1.732896423339843750e+02
2.403200261134727498e+02 2.577584577253753082e+02 1.736770172119140625e+02
2.398026813581878400e+02 2.577343342380897866e+02 1.733555297851562500e+02
2.397995792164522300e+02 2.577299315089805418e+02 1.733538970947265625e+02
2.402233972886029676e+02 2.577666177068972502e+02 1.736380004882812500e+02
2.398444928337546287e+02 2.576624743772020452e+02 1.733800201416015625e+02
2.397295979817708655e+02 2.577681495098039477e+02 1.736061706542968750e+02
2.396053774366191931e+02 2.576315492996515104e+02 1.735435943603515625e+02
2.397995214125689643e+02 2.577298159012140104e+02 1.733538208007812500e+02
2.399918156642540055e+02 2.576544492714077705e+02 1.733959655761718750e+02
2.402283876905254658e+02 2.577155383420457611e+02 1.737403869628906250e+02
2.396561870500153475e+02 2.577084477323644478e+02 1.734547424316406250e+02
2.398016216203278361e+02 2.577311164885876451e+02 1.733536224365234375e+02
2.399235107421875171e+02 2.578165217261221187e+02 1.734459838867187500e+02
