2.241081970214844148e+02 2.663856414794922784e+02 2.087535095214843750e+02
2.236225388470818416e+02 2.662729920331170206e+02 2.082508239746093750e+02
2.233902464025161407e+02 2.664681167602539631e+02 2.086427917480468750e+02
2.232453501981847808e+02 2.664302080042222656e+02 2.085078735351562500e+02
2.237004405302160421e+02 2.663069408641142672e+02 2.083989715576171875e+02
2.239788394703585084e+02 2.664431298648610209e+02 2.086861877441406250e+02
2.241150979434743249e+02 2.664047000660616504e+02 2.087497406005859375e+02
2.232991449692670471e+02 2.663577946382411028e+02 2.084821929931640625e+02
2.232533395206227453e+02 2.664267112283146162e+02 2.085033569335937500e+02
2.236148505715763406e+02 2.664981635598576304e+02 2.084454650878906250e+02
2.237075035544003185e+02 2.662723667817957676e+02 2.082714843750000000e+02
2.234729879940258002e+02 2.664029169419233085e+02 2.083493194580078125e+02
2.232378008674173202e+02 2.662787466610179763e+02 2.085765228271484375e+02
2.237161412856158620e+02 2.664197524126839198e+02 2.085530395507812500e+02
2.236925438376034663e+02 2.666334031048943416e+02 2.086198730468750000e+02
2.239866203756893981e+02 2.663803615794462871e+02 2.088136291503906250e+02
2.236903901941636548e+02 2.662810276704676653e+02 2.082745971679687500e+02
2.233872590906480298e+02 2.664432224946864380e+02 2.086428375244140625e+02
2.239793720918543727e+02 2.664559706744026357e+02 2.086797943115234375e+02
2.237012973561006959e+02 2.663082145242130991e+02 2.083984375000000000e+02
2.240710061465993306e+02 2.664103041704963744e+02 2.087363433837890625e+02
2.236205704632927791e+02 2.662595491297105355e+02 2.082477722167968750e+02
2.239831235997817487e+02 2.663744448493509367e+02 2.088051300048828125e+02
2.235269680247587871e+02 2.663168869916131030e+02 2.083817901611328125e+02
2.232369903564453750e+02 2.662805413638844811e+02 2.085754699707031250e+02
2.234738216624540996e+02 2.663982159782858616e+02 2.083401031494140625e+02
2.237072488223805635e+02 2.666368419871611195e+02 2.086282501220703125e+02
2.232986586626838630e+02 2.663573314891142445e+02 2.084820404052734375e+02
2.232530616311466645e+02 2.664260049258962226e+02 2.085027160644531250e+02
2.234703248865464786e+02 2.663986212337719053e+02 2.083476715087890625e+02
2.236910849178539138e+02 2.662807613597196905e+02 2.082742919921875000e+02
2.237013205135570502e+02 2.663066513959099666e+02 2.083976287841796875e+02
2.233872127757353496e+02 2.664431761797737295e+02 2.086428222656250000e+02
2.233003259995404903e+02 2.663568336038028974e+02 2.084831237792968750e+02
2.237072488223805635e+02 2.666368188297047936e+02 2.086281433105468750e+02
2.232370135139017009e+02 2.662808771470014335e+02 2.085767974853515625e+02
2.232342809340533734e+02 2.663000630995807114e+02 2.085569915771484375e+02
2.235251154282514392e+02 2.663181722304400978e+02 2.083804931640625000e+02
2.237154465619256030e+02 2.664185019100414138e+02 2.085535736083984375e+02
2.233790150361903102e+02 2.664477613561294334e+02 2.086461029052734375e+02
2.237056278004366447e+02 2.662909390617819554e+02 2.082694549560546875e+02
2.237159097110524328e+02 2.664195324168485968e+02 2.085520629882812500e+02
2.237037983613856227e+02 2.666333799474380157e+02 2.086255187988281250e+02
2.232452112534467403e+02 2.664292006548713516e+02 2.085064849853515625e+02
2.240957383099724893e+02 2.664314006132239001e+02 2.087370758056640625e+02
2.237057204302620050e+02 2.662889012056239153e+02 2.083911437988281250e+02
2.232450723087086999e+02 2.664295480167165238e+02 2.085078125000000000e+02
2.241167884377872781e+02 2.663962360157686362e+02 2.087575378417968750e+02
2.234729879940258002e+02 2.664028358908261112e+02 2.083495330810546875e+02
2.232918272130630157e+02 2.663648460836972163e+02 2.084600524902343750e+02
2.232972923727596992e+02 2.663737038107479975e+02 2.084687652587890625e+02
2.236910849178539138e+02 2.662807613597196905e+02 2.082742919921875000e+02
2.236172357895795528e+02 2.665015098122989912e+02 2.084584197998046875e+02
2.236135305965648570e+02 2.664972835765165655e+02 2.084479064941406250e+02
2.236063517850988660e+02 2.662619690838982933e+02 2.082704620361328125e+02
2.240958077823414953e+02 2.664329290053424302e+02 2.087360534667968750e+02
2.234740300795611745e+02 2.664039358700023286e+02 2.083496704101562500e+02
2.234703017290901244e+02 2.663986443912282311e+02 2.083476715087890625e+02
2.239796731387868078e+02 2.664427361881032539e+02 2.086891632080078125e+02
2.235242817598231113e+02 2.663175701365752275e+02 2.083791046142578125e+02
2.233861706901999469e+02 2.664445772058824105e+02 2.086508941650390625e+02
2.232368977266199863e+02 2.662804024191464123e+02 2.085756835937500000e+02
2.234702322567210899e+02 2.663985054464901623e+02 2.083476104736328125e+02
2.237013436710133760e+02 2.663079250560087985e+02 2.083982543945312500e+02
2.239856709199793841e+02 2.663813457713408184e+02 2.088122100830078125e+02
2.232979639389936324e+02 2.663728238274069895e+02 2.084689025878906250e+02
2.234727564194623710e+02 2.664000685747932948e+02 2.083473815917968750e+02
2.236192504882812955e+02 2.665027140000287886e+02 2.084583740234375000e+02
