2.407490661621093864e+02 2.683743572998046716e+02 1.440237426757812500e+02
2.404139996696920889e+02 2.682966379143209679e+02 1.436769256591796875e+02
2.402537358901080040e+02 2.684312588500976631e+02 1.439473571777343750e+02
2.401537687413832884e+02 2.684051047470990170e+02 1.438542938232421875e+02
2.404677457921645214e+02 2.683200599760167506e+02 1.437791290283203125e+02
2.406598194795496397e+02 2.684140198292451487e+02 1.439772949218750000e+02
2.407538272633272243e+02 2.683875062471277602e+02 1.440211334228515625e+02
2.401908829632927507e+02 2.683551451380112667e+02 1.438365631103515625e+02
2.401592967313878830e+02 2.684026922427906356e+02 1.438511657714843750e+02
2.404086793787339218e+02 2.684519888126148999e+02 1.438112182617187500e+02
2.404726187313304422e+02 2.682962065393784314e+02 1.436911773681640625e+02
2.403108211741728155e+02 2.683862760296989904e+02 1.437448883056640625e+02
2.401485602883731758e+02 2.683006081614774985e+02 1.439016265869140625e+02
2.404785940731273115e+02 2.683978911994485088e+02 1.438854370117187500e+02
2.404622976864085615e+02 2.685452936150045957e+02 1.439315338134765625e+02
2.406651877010569933e+02 2.683707145780675773e+02 1.440652160644531250e+02
2.404608118393842062e+02 2.683021818811753292e+02 1.436933288574218750e+02
2.402516748764935812e+02 2.684140837366441019e+02 1.439473876953125000e+02
2.406601869470933082e+02 2.684228789924172816e+02 1.439728851318359375e+02
2.404683369356043272e+02 2.683209387027516186e+02 1.437787628173828125e+02
2.407234073414522015e+02 2.683913726447610202e+02 1.440119018554687500e+02
2.404126416374655264e+02 2.682873633530560937e+02 1.436748199462890625e+02
2.406627751967486404e+02 2.683666165161132540e+02 1.440593566894531250e+02
2.403480632108800705e+02 2.683269220329733571e+02 1.437672882080078125e+02
2.401480010986328182e+02 2.683018463673311089e+02 1.439009094238281250e+02
2.403113963407628830e+02 2.683830327292049560e+02 1.437385253906250000e+02
2.404724429859834629e+02 2.685476661771886597e+02 1.439373168945312500e+02
2.401905474494485304e+02 2.683548256010167847e+02 1.438364410400390625e+02
2.401590890323414555e+02 2.684022049488741004e+02 1.438507080078125000e+02
2.403089838364545017e+02 2.683833123240751206e+02 1.437437438964843750e+02
2.404612911448759291e+02 2.683019981474034807e+02 1.436931152343750000e+02
2.404683529124540655e+02 2.683198602653952207e+02 1.437782135009765625e+02
2.402516429227941330e+02 2.684140517829446253e+02 1.439473724365234375e+02
2.401916977826286939e+02 2.683544980755974620e+02 1.438371887207031250e+02
2.404724429859834629e+02 2.685476502003389214e+02 1.439372406005859375e+02
2.401480170754825565e+02 2.683020780316521154e+02 1.439018249511718750e+02
2.401461318072150846e+02 2.683153148516486226e+02 1.438881683349609375e+02
2.403467850629021143e+02 2.683278087481330658e+02 1.437663879394531250e+02
2.404780987907858503e+02 2.683970284495634360e+02 1.438858032226562500e+02
2.402459871179917457e+02 2.684172151991900250e+02 1.439496459960937500e+02
2.404713246065027761e+02 2.683090199728572998e+02 1.436897735595703125e+02
2.404784183277803322e+02 2.683977394193761370e+02 1.438847656250000000e+02
2.404700624353745582e+02 2.685452776381548574e+02 1.439354705810546875e+02
2.401536728802849439e+02 2.684044097541360543e+02 1.438533172607421875e+02
2.407404706169577366e+02 2.684059275548598293e+02 1.440124053955078125e+02
2.404713885139016725e+02 2.683076140100815792e+02 1.437737426757812500e+02
2.401535770191865993e+02 2.684046494068819015e+02 1.438542327880859375e+02
2.407549935733570976e+02 2.683816667085535528e+02 1.440265197753906250e+02
2.403108211741728155e+02 2.683862201107249348e+02 1.437450256347656250e+02
2.401858342787798790e+02 2.683600100887522899e+02 1.438212890625000000e+02
2.401896048153147945e+02 2.683661212337718212e+02 1.438272857666015625e+02
2.404612911448759291e+02 2.683019981474034807e+02 1.436931152343750000e+02
2.404103409711052564e+02 2.684542974674000106e+02 1.438201446533203125e+02
2.404077686982996340e+02 2.684513816923253557e+02 1.438128967285156250e+02
2.404028318517348453e+02 2.682890329338522406e+02 1.436904754638671875e+02
2.407405185475068947e+02 2.684069820269415914e+02 1.440116882324218750e+02
2.403115401324103857e+02 2.683869790110868507e+02 1.437451171875000000e+02
2.403089838364545017e+02 2.683833283009248589e+02 1.437437591552734375e+02
2.406603946461397072e+02 2.684137482227998817e+02 1.439793395996093750e+02
2.403462098963120468e+02 2.683273933500402109e+02 1.437654266357421875e+02
2.402509399414062443e+02 2.684150183823529687e+02 1.439529571533203125e+02
2.401479371912339218e+02 2.683017664830824742e+02 1.439010620117187500e+02
2.403089199290556053e+02 2.683832324398265428e+02 1.437436981201171875e+02
2.404683688893037754e+02 2.683207389921300319e+02 1.437786407470703125e+02
2.406645326502182911e+02 2.683713935941808586e+02 1.440642395019531250e+02
2.401900681439568075e+02 2.683655141134822770e+02 1.438273925781250000e+02
2.403106614056755461e+02 2.683843108771828838e+02 1.437435455322265625e+02
2.404117309570312671e+02 2.684551282635857206e+02 1.438201141357421875e+02
