1.163840515136719063e+02 1.463425531005859455e+02 1.202894973754882812e+02
1.161042019713159021e+02 1.462776414040958173e+02 1.199998397827148438e+02
1.159703487022250670e+02 1.463900776163737021e+02 1.202257003784179688e+02
1.158868555405560983e+02 1.463682335528205556e+02 1.201479568481445312e+02
1.161490910548790083e+02 1.462972036503810500e+02 1.200852050781250000e+02
1.163095121495864248e+02 1.463756794828527177e+02 1.202506942749023438e+02
1.163880280139399872e+02 1.463535351801853608e+02 1.202873229980468750e+02
1.159178535611022056e+02 1.463265069879270186e+02 1.201331634521484375e+02
1.158914725509344663e+02 1.463662186147652449e+02 1.201453552246093750e+02
1.160997717763863619e+02 1.464073914052926000e+02 1.201119995117187500e+02
1.161531609628715103e+02 1.462772811171587932e+02 1.200117416381835938e+02
1.160180266735600867e+02 1.463525076952167581e+02 1.200565948486328125e+02
1.158825054093903475e+02 1.462809573783126496e+02 1.201875076293945312e+02
1.161581382601869166e+02 1.463622087545955992e+02 1.201739807128906250e+02
1.161445274203431666e+02 1.464853201353783732e+02 1.202124938964843750e+02
1.163139957203584913e+02 1.463395106775620604e+02 1.203241424560546875e+02
1.161432997759651045e+02 1.462822717584348311e+02 1.200135345458984375e+02
1.159686273313036509e+02 1.463757328586952440e+02 1.202257308959960938e+02
1.163098324046415826e+02 1.463830787090226693e+02 1.202470245361328125e+02
1.161495847814223623e+02 1.462979375682157581e+02 1.200848922729492188e+02
1.163626211128983101e+02 1.463567644186580878e+02 1.202796096801757812e+02
1.161030677346622610e+02 1.462698952349494448e+02 1.199980773925781250e+02
1.163119807823031806e+02 1.463360879516601756e+02 1.203192443847656250e+02
1.160491314457912324e+02 1.463029348814721402e+02 1.200753021240234375e+02
1.158820383707682566e+02 1.462819915352615681e+02 1.201869125366210938e+02
1.160185070561427949e+02 1.463497988712086340e+02 1.200512847900390625e+02
1.161530141793045630e+02 1.464873017135321049e+02 1.202173233032226562e+02
1.159175733379289568e+02 1.463262401087143871e+02 1.201330642700195312e+02
1.158912990794462559e+02 1.463658116239660103e+02 1.201449813842773438e+02
1.160164921180874984e+02 1.463500323905196865e+02 1.200556488037109375e+02
1.161437000947840374e+02 1.462821183028875680e+02 1.200133590698242188e+02
1.161495981253829939e+02 1.462970368508731553e+02 1.200844268798828125e+02
1.159686006433823877e+02 1.463757061707739808e+02 1.202257156372070312e+02
1.159185341030943874e+02 1.463259665575214399e+02 1.201336975097656250e+02
1.161530141793045630e+02 1.464872883695714734e+02 1.202172546386718750e+02
1.158820517147288882e+02 1.462821850226907259e+02 1.201876678466796875e+02
1.158804771273744194e+02 1.462932404940736149e+02 1.201762619018554688e+02
1.160480639289407492e+02 1.463036754712871641e+02 1.200745544433593750e+02
1.161577379413679836e+02 1.463614881807215227e+02 1.201742858886718750e+02
1.159638768813189671e+02 1.463783482749789471e+02 1.202276077270507812e+02
1.161520801020603813e+02 1.462879829735849455e+02 1.200105667114257812e+02
1.161580048205806008e+02 1.463620819869695993e+02 1.201734161376953125e+02
1.161510259291705296e+02 1.464853067914177416e+02 1.202157745361328125e+02
1.158867754767923088e+02 1.463676530905330821e+02 1.201471557617187500e+02
1.163768724628523614e+02 1.463689207667930532e+02 1.202800216674804688e+02
1.161521334779029075e+02 1.462868087050494239e+02 1.200806961059570312e+02
1.158866954130285194e+02 1.463678532499425557e+02 1.201479187011718750e+02
1.163890021230660494e+02 1.463486579625746913e+02 1.202918243408203125e+02
1.160180266735600867e+02 1.463524609913545476e+02 1.200567169189453125e+02
1.159136368695427706e+02 1.463305702239391906e+02 1.201204071044921875e+02
1.159167860442517224e+02 1.463356742888805968e+02 1.201254196166992188e+02
1.161437000947840374e+02 1.462821183028875680e+02 1.200133590698242188e+02
1.161011462043313713e+02 1.464093196076038055e+02 1.201194534301757812e+02
1.160990111706303907e+02 1.464068843347886002e+02 1.201133956909179688e+02
1.160948745428347451e+02 1.462712896788354158e+02 1.200111541748046875e+02
1.163769124947342561e+02 1.463698014681947086e+02 1.202794342041015625e+02
1.160186271517884791e+02 1.463530948294845473e+02 1.200567932128906250e+02
1.160164921180874984e+02 1.463500457344803181e+02 1.200556488037109375e+02
1.163099925321691472e+02 1.463754526355219809e+02 1.202524185180664062e+02
1.160475835463580268e+02 1.463033285283107432e+02 1.200737533569335938e+02
1.159680001651539811e+02 1.463765134803921626e+02 1.202303695678710938e+02
1.158819849949257303e+02 1.462819248154584102e+02 1.201870269775390625e+02
1.160164387422449721e+02 1.463499656707165286e+02 1.200556030273437500e+02
1.161496114693436255e+02 1.462977707687078919e+02 1.200847854614257812e+02
1.163134486179726110e+02 1.463400777958888739e+02 1.203233261108398438e+02
1.159171730191100238e+02 1.463351672183766254e+02 1.201255035400390625e+02
1.160178932339537710e+02 1.463508663880591314e+02 1.200554733276367188e+02
1.161023071289062756e+02 1.464100134935566189e+02 1.201194305419921875e+02
