1.163106750488281449e+02 1.131579351806640688e+02 1.731521453857421875e+02
1.159078422995174691e+02 1.130644972677792026e+02 1.727351837158203125e+02
1.157151656206916499e+02 1.132263449096679864e+02 1.730603027343750000e+02
1.155949803969439387e+02 1.131949012128044814e+02 1.729483947753906250e+02
1.159724584242876944e+02 1.130926563756606384e+02 1.728580627441406250e+02
1.162033784754136008e+02 1.132056193452722965e+02 1.730962829589843750e+02
1.163163990693933982e+02 1.131737434656480019e+02 1.731490020751953125e+02
1.156396008659811656e+02 1.131348374131146812e+02 1.729270935058593750e+02
1.156016264073989106e+02 1.131920007862764379e+02 1.729446563720703125e+02
1.159014652027803294e+02 1.132512674488740885e+02 1.728966369628906250e+02
1.159783169017118638e+02 1.130639786484662324e+02 1.727523193359375000e+02
1.157837962431066359e+02 1.131722452320772305e+02 1.728168792724609375e+02
1.155887185489430209e+02 1.130692704862706961e+02 1.730053253173828125e+02
1.159855007396025002e+02 1.131862287454044207e+02 1.729858551025390625e+02
1.159659084544462502e+02 1.133634428854549725e+02 1.730412902832031250e+02
1.162098324046415456e+02 1.131535557286879765e+02 1.732020263671875000e+02
1.159641220990349240e+02 1.130711624863568687e+02 1.727548980712890625e+02
1.157126877728630490e+02 1.132056961777631301e+02 1.730603485107421875e+02
1.162038394703584601e+02 1.132162702493106821e+02 1.730910034179687500e+02
1.159731691248276633e+02 1.130937128224092447e+02 1.728576202392578125e+02
1.162798268037683869e+02 1.131783918313419264e+02 1.731378936767578125e+02
1.159062096090877816e+02 1.130533469525505694e+02 1.727326507568359375e+02
1.162069319781135306e+02 1.131486288452148727e+02 1.731949615478515625e+02
1.158285703771254731e+02 1.131009062643612282e+02 1.728438110351562500e+02
1.155880462646484403e+02 1.130707591157801204e+02 1.730044708251953125e+02
1.157844877355239106e+02 1.131683651912913859e+02 1.728092498779296875e+02
1.159781056123621426e+02 1.133662952916762521e+02 1.730482635498046875e+02
1.156391974954044173e+02 1.131344532506606271e+02 1.729269561767578125e+02
1.156013767018037726e+02 1.131914149385340380e+02 1.729441223144531250e+02
1.157815873089958671e+02 1.131687013334386762e+02 1.728155212402343750e+02
1.159646983427160052e+02 1.130709415929458004e+02 1.727546539306640625e+02
1.159731883329503859e+02 1.130924162741268475e+02 1.728569488525390625e+02
1.157126493566176606e+02 1.132056577615177133e+02 1.730603179931640625e+02
1.156405804802389952e+02 1.131340402760225317e+02 1.729278717041015625e+02
1.159781056123621426e+02 1.133662760835535579e+02 1.730481414794921875e+02
1.155880654727711629e+02 1.130710376335592997e+02 1.730055694580078125e+02
1.155857989142922833e+02 1.130869515632180793e+02 1.729891357421875000e+02
1.158270337273092849e+02 1.131019723151712100e+02 1.728427429199218750e+02
1.159849052877987248e+02 1.131851915067785086e+02 1.729862976074218750e+02
1.157058496811810784e+02 1.132094609698127528e+02 1.730630493164062500e+02
1.159767610437729815e+02 1.130793835628734172e+02 1.727506256103515625e+02
1.159852894502527789e+02 1.131860462682387691e+02 1.729850463867187500e+02
1.159752436020795159e+02 1.133634236773322783e+02 1.730460205078125000e+02
1.155948651482077452e+02 1.131940656594669434e+02 1.729472503662109375e+02
1.163003410788143555e+02 1.131958712230009354e+02 1.731385040283203125e+02
1.159768378762637866e+02 1.130776932480756187e+02 1.728515777587890625e+02
1.155947498994715232e+02 1.131943537813074698e+02 1.729483489990234375e+02
1.163178012623506419e+02 1.131667228968003514e+02 1.731554870605468750e+02
1.157837962431066359e+02 1.131721972117704667e+02 1.728170471191406250e+02
1.156335310992072749e+02 1.131406862864775036e+02 1.729087371826171875e+02
1.156380642161650059e+02 1.131480333934110973e+02 1.729159545898437500e+02
1.159646983427160052e+02 1.130709415929458004e+02 1.727546539306640625e+02
1.159034436394186827e+02 1.132540430226045629e+02 1.729073638916015625e+02
1.159003703397863063e+02 1.132505375402114254e+02 1.728986511230468750e+02
1.158944158217486375e+02 1.130553349932502414e+02 1.727514801025390625e+02
1.163003987031824664e+02 1.131971581672219855e+02 1.731376647949218750e+02
1.157846606086282151e+02 1.131731095975988381e+02 1.728171691894531250e+02
1.157815873089958671e+02 1.131687205415613704e+02 1.728155364990234375e+02
1.162040699678309039e+02 1.132052928071863818e+02 1.730987548828125000e+02
1.158263422348920102e+02 1.131014729039809339e+02 1.728415832519531250e+02
1.157117849910960530e+02 1.132068198529411944e+02 1.730670318603515625e+02
1.155879694321576352e+02 1.130706630751666211e+02 1.730046386718750000e+02
1.157815104765050620e+02 1.131686052928251485e+02 1.728154602050781250e+02
1.159732075410730801e+02 1.130934727208754822e+02 1.728574676513671875e+02
1.162090448716107716e+02 1.131543720739028203e+02 1.732008361816406250e+02
1.156386212517233645e+02 1.131473034847484058e+02 1.729160766601562500e+02
1.157836041618796088e+02 1.131699018411075457e+02 1.728152618408203125e+02
1.159051147460937585e+02 1.132550418449850866e+02 1.729073333740234375e+02
